"########## ALLSCRIPTS ##########"
"get_patient(1)"
"===="
{"Language"=>"",
 "HomeEmail"=>"",
 "trainingPat"=>"N",
 "activePat"=>"N",
 "PhysLastName"=>"Manning",
 "PhoneNumber"=>"9198736777",
 "age"=>"56y",
 "middlename"=>"",
 "mrn"=>"007",
 "Occupation"=>"",
 "CellPhone"=>"",
 "Email"=>"",
 "LastName"=>"Bond",
 "WorkPhone"=>"",
 "gender"=>"M",
 "ID"=>"1",
 "WorkEmail"=>"",
 "Race"=>"Undefined",
 "ssn"=>"007-12-3456",
 "dateofbirth"=>"24-Mar-1959",
 "AddressLine2"=>"",
 "ZipCode"=>"27609",
 "Title"=>"",
 "State"=>"NC   ",
 "PhysPhone"=>"8888287788889",
 "Firstname"=>"James",
 "MaritalStatus"=>"Single",
 "Ethnicity"=>"",
 "Addressline1"=>"345 Windsor Way ",
 "PhysFirstName"=>"Terry",
 "PrimaryInsurance"=>"No primary insurance",
 "base64image"=>"",
 "timeofbirth"=>"",
 "PhysUserName"=>"TERRY",
 "City"=>"Raleigh",
 "Employer"=>"",
 "HomePhone"=>"9198736777"}

"get_changed_patients_ids('01/01/2013')"
"===="
"2 3 4 5 6 7 8 9 10 11 15 16 17 18 19 20 21 22 23 24 31 32 33 34 51 73 89 163 178 309 414 437 452 479 562 577 629 682 729 764 780 796 873 881 923 925 979 991 1036 1076 1090 1120 1258 1259 1261 1272 1284 1322 1394 1418 1456 1457 1519 1556 1869 1915 1981 2128 2145 2146 2680 2832 2839 2866 2943 2946 2984 3011 3281 3297 3396 3481 3503 3506 3532 3535 3541 3592 3740 3860 3890 3928 3980 3991 4034 4112 4195 4323 4342 4349 4352 4412 4456 4532 4597 4718 4803 5049 5055 5212 5258 5281 5328 5519 5521 5689 5693 6003 6015 6021 6049 6054 6055 6056 6141 6167 6208 6271 6549 6659 6693 6836 6897 7079 7226 7227 7228 7242 7422 7585 7586 7606 8038 8052 8100 8252 8291 8342 8372 8392 8500 8739 8786 9011 9012 9017 9025 9092 9215 9260 9457 9618 9715 9736 9990 10035 10059 10217 10227 10248 10297 10412 10421 10422 10424 10550 10698 10715 10842 10869 10895 10979 10991 11431 11470 11587 11698 11712 11716 12076 12148 12264 12302 12473 12578 12579 12733 12797 13022 13122 13138 13189 13216 13228 13253 13261 13374 13412 13445 13549 13593 13759 13845 13997 14014 14046 14078 14143 14159 14303 14431 14486 14716 14821 14832 14963 14983 15015 15284 15303 15313 15490 15555 15561 15785 15857 15876 15949 16238 16351 16410 16424 16458 16476 16563 16840 17059 17150 17154 17223 17300 17353 17384 17443 17605 17616 17760 17837 17871 17878 17905 17934 17997 18070 18082 18237 18286 18335 18337 18375 18494 18542 18644 18710 18913 18941 19034 19039 19142 19155 19192 19249 19369 19401 19418 19536 19679 19680 19708 19763 19785 19822 19849 19900 19903 20126 20204 20266 20367 20456 20501 20776 20936 21012 21244 21248 21288 21320 21360 21470 21473 21484 21518 21552 21571 21619 21684 21769 21796 21797 21890 21949 22108 22173 22233 22241 22245 22317 22497 22500 22546 22580 22637 22776 22782 22874 23062 23153 23403 23409 23439 23553 23591 23796 23947 23997 24030 24055 24069 24349 24585 24588 24737 24929 24939 24951 25179 25231 25360 25397 25448 25494 25522 25597 26045 26060 26108 26186 26252 26342 26345 26412 26558 26621 26716 26787 26899 26914 26969 27016 27023 27154 27160 27190 27334 27390 27406 27535 27551 27552 27667 27727 27730 27781 27829 27833 27948 28138 28180 28181 28182 28183 28253 28565 28604 28651 28727 28745 28978 29000 29067 29105 29208 29262 29300 29456 29959 29961 29990 30029 30172 30275 30288 30342 30389 30464 30500 30501 30507 30514 30576 30604 30643 30718 30766 30841 30854 31115 31136 31177 31205 31269 31349 31373 31449 31503 31560 31569 31723 31999 32006 32070 32076 32096 32110 32127 32200 32226 32274 32387 32399 32425 32458 32519 32528 32555 32764 32885 32942 32988 33010 33022 33047 33074 33097 33215 33282 33290 33294 33414 33468 33568 33655 33742 33753 33754 33759 33820 33871 33873 33950 33952 33970 34107 34115 34133 34168 34179 34203 34213 34319 34499 34500 34510 34551 34575 34661 34899 34907 34919 34961 34986 35094 35128 35214 35259 35500 35533 35553 35617 35737 35741 35863 35891 35952 35953 35983 35984 35985 36031 36062 36182 36260 36303 36411 36472 36530 36635 36643 36647 36710 36717 36808 36845 36856 37131 37181 37212 37225 37259 37312 37361 37378 37428 37432 37444 37483 37539 37676 37868 37982 37996 37999 38014 38090 38092 38146 38156 38212 38298 38318 38381 38398 38449 38460 38576 38577 38579 38625 38655 38703 38749 38775 38778 38950 38969 38970 39084 39087 39107 39108 39126 39207 39215 39327 39342 39353 39489 39501 39578 39607 39680 39692 39723 39951 39955 40003 40042 40047 40060 40167 40227 40310 40359 40446 40499 40596 40679 40783 40797 40798 40814 40890 40957 40958 40959 41002 41044 41109 41207 41215 41265 41283 41301 41336 41542 41543 41588 41647 41776 41793 41834 41840 41909 41915 41931 41951 42068 42118 42144 42163 42231 42242 42297 42359 42396 42460 42666 42738 42754 42873 42905 42910 42978 43043 43068 43198 43213 43282 43301 43332 43333 43375 43390 43504 43665 43699 43706 43744 43773 43863 43869 43928 43985 44026 44030 44086 44143 44173 44216 44232 44319 44449 44462 44523 44729 44733 44735 44741 44745 44778 44826 44924 44925 44929 45003 45195 45269 45381 45420 45488 45530 45549 45583 45631 45780 45900 45997 46002 46026 46036 46076 46093 46122 46154 46241 46332 46345 46410 46412 46516 46563 46750 46766 46912 46941 47100 47165 47188 47431 47444 47450 47530 47537 47603 47604 47675 47749 47918 47984 48021 48055 48198 48293 48337 48373 48407 48438 48491 48583 48585 48660 48680 48757 48813 48874 48877 48980 48987 48991 49099 49156 49255 49259 49286 49311 49318 49374 49395 49437 49485 49514 49536 49581 49610 49707 49716 49749 49847 49897 49941 49970 50116 50201 50236 50265 50274 50281 50335 50377 50383 50387 50415 50443 50492 50580 50667 50772 50799 50869 50900 50901 50904 50930 50938 50977 51009 51089 51097 51107 51188 51228 51305 51319 51356 51388 51414 51500 51550 51630 51640 51654 51691 51826 51862 51893 52043 52185 52266 52297 52317 52338 52353 52512 52678 52681 52682 52780 52866 52887 52966 53011 53123 53151 53179 53181 53219 53262 53297 53303 53323 53362 53370 53416 53422 53426 53432 53576 53602 53630 53770 53788 53806 53825 53833 53834 53836 53997 54089 54093 54150 54160 54198 54243 54401 54513 54520 54530 54553 54627 54636 54688 54731 54832 54937 55023 55050 55246 55539 55592 55605 55702 55718 55811 55837 55844 55859 55917 55930 55955 55979 55985 56089 56249 56288 56306 56316 56377 56432 56492 56574 56805 56926 57059 57121 57160 57167 57171 57172 57191 57216 57241 57242 57278 57289 57300 57318 57404 57413 57462 57556 57632 57720 57730 57757 57818 57820 57886 57922 57932 57992 57999 58021 58085 58105 58219 58226 58297 58350 58356 58396 58417 58422 58502 58514 58515 58531 58532 58533 58534 58580 58585 58656 58964 58975 58979 59067 59068 59073 59079 59101 59137 59195 59219 59238 59271 59302 59329 59482 59496 59555 59567 59569 59612 59683 59699 59700 59748 59866 59887 59916 59964 60071 60093 60113 60114 60150 60188 60195 60198 60221 60242 60247 60250 60279 60281 60318 60474 60563 60618 60718 60768 60780 60850 61263 61367 61368 61407 61434 61491 61525 61537 61543 61588 61656 61658 61675 61681 61721 61726 61744 61858 61884 61909 61998 62022 62063 62070 62104 62141 62160 62174 62270 62384 62422 62444 62447 62475 62482 62523 62581 62641 62707 62709 62722 62741 62774 62812 62828 62837 62851 62917 62938 63006 63061 63151 63164 63180 63232 63284 63285 63286 63300 63310 63413 63424 63435 63479 63548 63592 63640 63692 63693 63750 63754 63757 63767 63802 63815 63822 63868 63912 63920 63923 63975 64021 64025 64059 64163 64192 64193 64216 64263 64271 64280 64282 64283 64315 64349 64398 64459 64479 64485 64488 64511 64514 64526 64562 64586 64591 64670 64672 64747 64761 64817 64838 64892 65006 65036 65045 65063 65122 65136 65177 65184 65205 65226 65235 65299 65319 65333 65351 65426 65445 65461 65462 65468 65515 65543 65562 65580 65585 65609 65635 65656 65666 65675 65679 65705 65708 65709 65714 65725 65806 65841 65845 65856 65867 65882 65896 65910 65916 65922 65939 65943 65948 65994 66012 66021 66038 66070 66108 66115 66119 66121 66124 66145 66156 66158 66159 66160 66168 66179 66183 66186 66200 66222 66258 66272 66279 66280 66299 66307 66309 66314 66320 66325 66327 66346 66357 66359 66363 66371 66374 66391 66398 66407 66412 66417 66419 66422 66444 66454 66456 66457 66458 66459 66460 66461 66462 66463 66464 66465 66466 66467 66468 66469 66470 66471 66472 66473 66474 66475 66476 66477 66478 66479 66486 66504 66505 66506 66507 66508 66509 66510 66511 66512 66513 66515 66516 66517 66518 66519 66520 66521 66523 66524 66525 66526 66527 66528 66529 66530 66532 66533 66534 66535 66536 66537 66539 66540 66541 66544 66546 66547 66548 66549 66550 66551 66552 66553 66554 66556 66557 66558 66559 66560 66561 66562 66563 66564 66567 66568 66569 66570 66572 66573 66574 66575 66577 66578 66579 66580 66581 66582 66583 66584 66588 66589 66591 66594"

"get_scheduled_patients('11/03/2014')"
"===="
[]

"upload_document(758, 'test.pdf', 'Test Document')"
"===="
[{"savedocumentimageinfo"=>
   [{"documentVar"=>"00000000-0000-0000-0000-000000000000",
     "documentID"=>"146905"}]}]

